datum_lat = -35.121892
datum_lon = 150.705949
lat_north = -34.985732
lat_south = -35.141695
lon_west  = 150.664779
lon_east  = 150.805553
